#software: Lavf61.7.100
#tb 0: 1/10
#media_type 0: video
#codec_id 0: rawvideo
#dimensions 0: 600x600
#sar 0: 0/1
0,          0,          0,        1,   540000, 0xae583c79
0,          1,          1,        1,   540000, 0xae583c79
0,          2,          2,        1,   540000, 0x535f5c1c
0,          3,          3,        1,   540000, 0x535f5c1c
0,          4,          4,        1,   540000, 0x535f5c1c
0,          5,          5,        1,   540000, 0x535f5c1c
0,          6,          6,        1,   540000, 0x535f5c1c
0,          7,          7,        1,   540000, 0x8c97285e
0,          8,          8,        1,   540000, 0xee6829e9
0,          9,          9,        1,   540000, 0x0e102bd7
0,         10,         10,        1,   540000, 0x599b2a9d
0,         11,         11,        1,   540000, 0x97512e5a
0,         12,         12,        1,   540000, 0x66672e6b
0,         13,         13,        1,   540000, 0x29f62e0c
0,         14,         14,        1,   540000, 0xec292ed9
0,         15,         15,        1,   540000, 0x40182e2e
0,         16,         16,        1,   540000, 0xc0f32daf
0,         17,         17,        1,   540000, 0x0f052ccf
0,         18,         18,        1,   540000, 0x0b392d30
0,         19,         19,        1,   540000, 0x151c28ab
0,         20,         20,        1,   540000, 0x3da22d1e
0,         21,         21,        1,   540000, 0xe35f2d8a
0,         22,         22,        1,   540000, 0x9554273e
0,         23,         23,        1,   540000, 0x3d222746
0,         24,         24,        1,   540000, 0xf95d2c97
0,         25,         25,        1,   540000, 0x7cd12de3
0,         26,         26,        1,   540000, 0x8f672ade
0,         27,         27,        1,   540000, 0xdd4d2c1f
0,         28,         28,        1,   540000, 0xb7532e98
0,         29,         29,        1,   540000, 0x9ff32f3f
0,         30,         30,        1,   540000, 0x7a822b44
0,         31,         31,        1,   540000, 0xc1922f36
0,         32,         32,        1,   540000, 0x730c2e4f
0,         33,         33,        1,   540000, 0x034a289a
0,         34,         34,        1,   540000, 0x992325c9
0,         35,         35,        1,   540000, 0xdb702dab
0,         36,         36,        1,   540000, 0x9d2c5c1c
