#software: Lavf61.7.100
#tb 0: 1/10
#media_type 0: video
#codec_id 0: rawvideo
#dimensions 0: 600x600
#sar 0: 0/1
0,          0,          0,        1,   540000, 0xcfae3cc4
0,          1,          1,        1,   540000, 0xcfae3cc4
0,          2,          2,        1,   540000, 0x535f5c1c
0,          3,          3,        1,   540000, 0x535f5c1c
0,          4,          4,        1,   540000, 0x535f5c1c
0,          5,          5,        1,   540000, 0x535f5c1c
0,          6,          6,        1,   540000, 0x535f5c1c
0,          7,          7,        1,   540000, 0xeee827ed
0,          8,          8,        1,   540000, 0x8efa2d5f
0,          9,          9,        1,   540000, 0xd69c253e
0,         10,         10,        1,   540000, 0x481122f3
0,         11,         11,        1,   540000, 0x941f28b6
0,         12,         12,        1,   540000, 0x032d21a8
0,         13,         13,        1,   540000, 0xb2da1d79
0,         14,         14,        1,   540000, 0xb51b2e6c
0,         15,         15,        1,   540000, 0xa11d2d11
0,         16,         16,        1,   540000, 0xac5e26b1
0,         17,         17,        1,   540000, 0xfc4f2e32
0,         18,         18,        1,   540000, 0xb0232ea3
0,         19,         19,        1,   540000, 0xa5322e83
0,         20,         20,        1,   540000, 0xceeb2ece
0,         21,         21,        1,   540000, 0xc0a42d8b
0,         22,         22,        1,   540000, 0x62412e20
0,         23,         23,        1,   540000, 0x0d592eeb
0,         24,         24,        1,   540000, 0xe12e24e1
0,         25,         25,        1,   540000, 0xd4ad293d
0,         26,         26,        1,   540000, 0x721e2f96
0,         27,         27,        1,   540000, 0x726b2c76
0,         28,         28,        1,   540000, 0x40c52cff
0,         29,         29,        1,   540000, 0x559629f8
0,         30,         30,        1,   540000, 0xe54225fd
0,         31,         31,        1,   540000, 0xbe692785
0,         32,         32,        1,   540000, 0x7cc52505
0,         33,         33,        1,   540000, 0x940f29f8
0,         34,         34,        1,   540000, 0x413c1df4
0,         35,         35,        1,   540000, 0xca0b29df
0,         36,         36,        1,   540000, 0x535f5c1c
