#software: Lavf61.7.100
#tb 0: 1/10
#media_type 0: video
#codec_id 0: rawvideo
#dimensions 0: 600x600
#sar 0: 0/1
0,          0,          0,        1,   540000, 0x51623c9c
0,          1,          1,        1,   540000, 0x51623c9c
0,          2,          2,        1,   540000, 0x87755c1f
0,          3,          3,        1,   540000, 0x87755c1f
0,          4,          4,        1,   540000, 0x87755c1f
0,          5,          5,        1,   540000, 0x87755c1f
0,          6,          6,        1,   540000, 0x87755c1f
0,          7,          7,        1,   540000, 0x2e922df1
0,          8,          8,        1,   540000, 0x0d372e1f
0,          9,          9,        1,   540000, 0xc25b2816
0,         10,         10,        1,   540000, 0x6298266a
0,         11,         11,        1,   540000, 0xbb201fdf
0,         12,         12,        1,   540000, 0x47601f96
0,         13,         13,        1,   540000, 0x413e2b86
0,         14,         14,        1,   540000, 0xe75b2893
0,         15,         15,        1,   540000, 0x7fa92bc9
0,         16,         16,        1,   540000, 0x4d5b2ebe
0,         17,         17,        1,   540000, 0x82d92d9e
0,         18,         18,        1,   540000, 0xce0b2c70
0,         19,         19,        1,   540000, 0x04b12bc6
0,         20,         20,        1,   540000, 0x233a2d76
0,         21,         21,        1,   540000, 0xed332d2d
0,         22,         22,        1,   540000, 0xf25a2bed
0,         23,         23,        1,   540000, 0x09f22afe
0,         24,         24,        1,   540000, 0x623f2d76
0,         25,         25,        1,   540000, 0x48052ca8
0,         26,         26,        1,   540000, 0xa7f52ce2
0,         27,         27,        1,   540000, 0x56c12bc1
0,         28,         28,        1,   540000, 0x87755c1f
