#software: Lavf61.7.100
#tb 0: 1/10
#media_type 0: video
#codec_id 0: rawvideo
#dimensions 0: 600x600
#sar 0: 0/1
0,          0,          0,        1,   540000, 0xae583c79
0,          1,          1,        1,   540000, 0xae583c79
0,          2,          2,        1,   540000, 0x535f5c1c
0,          3,          3,        1,   540000, 0x535f5c1c
0,          4,          4,        1,   540000, 0x535f5c1c
0,          5,          5,        1,   540000, 0x535f5c1c
0,          6,          6,        1,   540000, 0x535f5c1c
0,          7,          7,        1,   540000, 0x1df92bcd
0,          8,          8,        1,   540000, 0x288e2d77
0,          9,          9,        1,   540000, 0x47812dda
0,         10,         10,        1,   540000, 0x28062d5d
0,         11,         11,        1,   540000, 0x2c8b2db8
0,         12,         12,        1,   540000, 0xb02c2f2a
0,         13,         13,        1,   540000, 0xfb822f07
0,         14,         14,        1,   540000, 0xee132d18
0,         15,         15,        1,   540000, 0x9f882d66
0,         16,         16,        1,   540000, 0x809528df
0,         17,         17,        1,   540000, 0x3a032ef1
0,         18,         18,        1,   540000, 0xa9662d67
0,         19,         19,        1,   540000, 0x8e582ccc
0,         20,         20,        1,   540000, 0xeacb2ce1
0,         21,         21,        1,   540000, 0xa62d2fbd
0,         22,         22,        1,   540000, 0xbb552d4d
0,         23,         23,        1,   540000, 0xf7592ca7
0,         24,         24,        1,   540000, 0x16612dd7
0,         25,         25,        1,   540000, 0xfe5d2c2f
0,         26,         26,        1,   540000, 0x6c2e2989
0,         27,         27,        1,   540000, 0x51b82ef3
0,         28,         28,        1,   540000, 0x08172f05
0,         29,         29,        1,   540000, 0x67692efd
0,         30,         30,        1,   540000, 0x84602c19
0,         31,         31,        1,   540000, 0x2dc92d70
0,         32,         32,        1,   540000, 0x3ce72daf
0,         33,         33,        1,   540000, 0x31da2e19
0,         34,         34,        1,   540000, 0x77622ec5
0,         35,         35,        1,   540000, 0xb8de2b15
0,         36,         36,        1,   540000, 0x89ae2e30
0,         37,         37,        1,   540000, 0x46652e3d
0,         38,         38,        1,   540000, 0x15872ebe
0,         39,         39,        1,   540000, 0x8e192f11
0,         40,         40,        1,   540000, 0x68762e85
0,         41,         41,        1,   540000, 0x5d592ece
0,         42,         42,        1,   540000, 0x946d2e4a
0,         43,         43,        1,   540000, 0x40672d14
0,         44,         44,        1,   540000, 0x535f5c1c
