#software: Lavf61.7.100
#tb 0: 1/10
#media_type 0: video
#codec_id 0: rawvideo
#dimensions 0: 600x600
#sar 0: 0/1
0,          0,          0,        1,   540000, 0x51623c9c
0,          1,          1,        1,   540000, 0x51623c9c
0,          2,          2,        1,   540000, 0x87755c1f
0,          3,          3,        1,   540000, 0x87755c1f
0,          4,          4,        1,   540000, 0x87755c1f
0,          5,          5,        1,   540000, 0x87755c1f
0,          6,          6,        1,   540000, 0x87755c1f
0,          7,          7,        1,   540000, 0x0e292e5c
0,          8,          8,        1,   540000, 0xb4dd2e30
0,          9,          9,        1,   540000, 0x684b2f26
0,         10,         10,        1,   540000, 0x60b12a17
0,         11,         11,        1,   540000, 0x0d2e2936
0,         12,         12,        1,   540000, 0x51942dca
0,         13,         13,        1,   540000, 0xf33128ed
0,         14,         14,        1,   540000, 0x80362c81
0,         15,         15,        1,   540000, 0x59c42dee
0,         16,         16,        1,   540000, 0xc8e0298d
0,         17,         17,        1,   540000, 0xb2152d9b
0,         18,         18,        1,   540000, 0x28042e22
0,         19,         19,        1,   540000, 0xfb842fe7
0,         20,         20,        1,   540000, 0xf8c42d45
0,         21,         21,        1,   540000, 0xbc662b86
0,         22,         22,        1,   540000, 0x2a2c2935
0,         23,         23,        1,   540000, 0x2bcf2d0a
0,         24,         24,        1,   540000, 0x3edd26fe
0,         25,         25,        1,   540000, 0x87ab2bc0
0,         26,         26,        1,   540000, 0xd6ea2da1
0,         27,         27,        1,   540000, 0xea712ef0
0,         28,         28,        1,   540000, 0xad525c20
