#software: Lavf61.7.100
#tb 0: 1/10
#media_type 0: video
#codec_id 0: rawvideo
#dimensions 0: 600x600
#sar 0: 0/1
0,          0,          0,        1,   540000, 0xe26e3c7c
0,          1,          1,        1,   540000, 0xe26e3c7c
0,          2,          2,        1,   540000, 0x87755c1f
0,          3,          3,        1,   540000, 0x87755c1f
0,          4,          4,        1,   540000, 0x87755c1f
0,          5,          5,        1,   540000, 0x87755c1f
0,          6,          6,        1,   540000, 0x87755c1f
0,          7,          7,        1,   540000, 0x6de12958
0,          8,          8,        1,   540000, 0x88272881
0,          9,          9,        1,   540000, 0xf5c4289d
0,         10,         10,        1,   540000, 0x6b7e27e3
0,         11,         11,        1,   540000, 0xcc862dee
0,         12,         12,        1,   540000, 0x71822b00
0,         13,         13,        1,   540000, 0x560c29e0
0,         14,         14,        1,   540000, 0xc19d2d04
0,         15,         15,        1,   540000, 0x4e4b2cfd
0,         16,         16,        1,   540000, 0xa9ba2d8c
0,         17,         17,        1,   540000, 0xab0c2923
0,         18,         18,        1,   540000, 0x13792c69
0,         19,         19,        1,   540000, 0x1ee42685
0,         20,         20,        1,   540000, 0xcfc921c1
0,         21,         21,        1,   540000, 0xb9332549
0,         22,         22,        1,   540000, 0x97a51de4
0,         23,         23,        1,   540000, 0x7aa42f38
0,         24,         24,        1,   540000, 0xe8712eeb
0,         25,         25,        1,   540000, 0x681b2a34
0,         26,         26,        1,   540000, 0xc3f42f80
0,         27,         27,        1,   540000, 0xb8812c8d
0,         28,         28,        1,   540000, 0x87755c1f
