#software: Lavf61.7.100
#tb 0: 1/10
#media_type 0: video
#codec_id 0: rawvideo
#dimensions 0: 600x600
#sar 0: 0/1
0,          0,          0,        1,   540000, 0xae583c79
0,          1,          1,        1,   540000, 0xae583c79
0,          2,          2,        1,   540000, 0x535f5c1c
0,          3,          3,        1,   540000, 0x535f5c1c
0,          4,          4,        1,   540000, 0x535f5c1c
0,          5,          5,        1,   540000, 0x535f5c1c
0,          6,          6,        1,   540000, 0x535f5c1c
0,          7,          7,        1,   540000, 0x07f52ace
0,          8,          8,        1,   540000, 0x6f17236d
0,          9,          9,        1,   540000, 0xbd302d86
0,         10,         10,        1,   540000, 0xb8772e21
0,         11,         11,        1,   540000, 0x5e292db8
0,         12,         12,        1,   540000, 0x86b52d16
0,         13,         13,        1,   540000, 0xd1f32d4b
0,         14,         14,        1,   540000, 0x716d2b9f
0,         15,         15,        1,   540000, 0x3b072cbf
0,         16,         16,        1,   540000, 0x98082d95
0,         17,         17,        1,   540000, 0x2e0f2ce4
0,         18,         18,        1,   540000, 0x61a52670
0,         19,         19,        1,   540000, 0x8ee22bb8
0,         20,         20,        1,   540000, 0x99c22bad
0,         21,         21,        1,   540000, 0xfb2c2854
0,         22,         22,        1,   540000, 0x8f302666
0,         23,         23,        1,   540000, 0xd4102dac
0,         24,         24,        1,   540000, 0xb68528da
0,         25,         25,        1,   540000, 0xdf0d2654
0,         26,         26,        1,   540000, 0xb6f22fb0
0,         27,         27,        1,   540000, 0x9a6a2853
0,         28,         28,        1,   540000, 0x304d296f
0,         29,         29,        1,   540000, 0x3b742733
0,         30,         30,        1,   540000, 0x613921d8
0,         31,         31,        1,   540000, 0x2bd42a5c
0,         32,         32,        1,   540000, 0xe83924b2
0,         33,         33,        1,   540000, 0xc85d2d9c
0,         34,         34,        1,   540000, 0xee0d2da3
0,         35,         35,        1,   540000, 0x92502a1b
0,         36,         36,        1,   540000, 0x02d22df6
0,         37,         37,        1,   540000, 0xd6de289e
0,         38,         38,        1,   540000, 0xe8bf2930
0,         39,         39,        1,   540000, 0x2ebd2a20
0,         40,         40,        1,   540000, 0x803f2ea4
0,         41,         41,        1,   540000, 0x64d32e99
0,         42,         42,        1,   540000, 0xf2042e6f
0,         43,         43,        1,   540000, 0xa2262e41
0,         44,         44,        1,   540000, 0x8a0c5c1e
