#software: Lavf61.7.100
#tb 0: 1/10
#media_type 0: video
#codec_id 0: rawvideo
#dimensions 0: 600x600
#sar 0: 0/1
0,          0,          0,        1,   540000, 0xcfae3cc4
0,          1,          1,        1,   540000, 0xcfae3cc4
0,          2,          2,        1,   540000, 0x535f5c1c
0,          3,          3,        1,   540000, 0x535f5c1c
0,          4,          4,        1,   540000, 0x535f5c1c
0,          5,          5,        1,   540000, 0x535f5c1c
0,          6,          6,        1,   540000, 0x535f5c1c
0,          7,          7,        1,   540000, 0x64c5267b
0,          8,          8,        1,   540000, 0x7b8d2ab6
0,          9,          9,        1,   540000, 0x963128a9
0,         10,         10,        1,   540000, 0x5d951a8f
0,         11,         11,        1,   540000, 0xc4f928c0
0,         12,         12,        1,   540000, 0x41cf2dcd
0,         13,         13,        1,   540000, 0x595a29c6
0,         14,         14,        1,   540000, 0x422e2d10
0,         15,         15,        1,   540000, 0x8a6427d9
0,         16,         16,        1,   540000, 0xecb62efe
0,         17,         17,        1,   540000, 0xf3fb2dd6
0,         18,         18,        1,   540000, 0xb5e72ca0
0,         19,         19,        1,   540000, 0x9c952a02
0,         20,         20,        1,   540000, 0x75f72b08
0,         21,         21,        1,   540000, 0x25132b07
0,         22,         22,        1,   540000, 0xb2d02214
0,         23,         23,        1,   540000, 0x34db2b6b
0,         24,         24,        1,   540000, 0x26f22855
0,         25,         25,        1,   540000, 0x946b2c88
0,         26,         26,        1,   540000, 0x483c2901
0,         27,         27,        1,   540000, 0x8bc52841
0,         28,         28,        1,   540000, 0xb5a22e99
0,         29,         29,        1,   540000, 0x9cc928b7
0,         30,         30,        1,   540000, 0x2b562762
0,         31,         31,        1,   540000, 0x89742ee3
0,         32,         32,        1,   540000, 0x6e4d2d7f
0,         33,         33,        1,   540000, 0xa8fe25b0
0,         34,         34,        1,   540000, 0x98e12569
0,         35,         35,        1,   540000, 0x458926c1
0,         36,         36,        1,   540000, 0x73df2972
0,         37,         37,        1,   540000, 0xc8512235
0,         38,         38,        1,   540000, 0x3f072854
0,         39,         39,        1,   540000, 0x8f1e2aea
0,         40,         40,        1,   540000, 0xcf702ce8
0,         41,         41,        1,   540000, 0xfe7d29d8
0,         42,         42,        1,   540000, 0x3cec2e3f
0,         43,         43,        1,   540000, 0xa9d32ee0
0,         44,         44,        1,   540000, 0x4ae85c1e
