#software: Lavf61.7.100
#tb 0: 1/10
#media_type 0: video
#codec_id 0: rawvideo
#dimensions 0: 600x600
#sar 0: 0/1
0,          0,          0,        1,   540000, 0xe26e3c7c
0,          1,          1,        1,   540000, 0xe26e3c7c
0,          2,          2,        1,   540000, 0x87755c1f
0,          3,          3,        1,   540000, 0x87755c1f
0,          4,          4,        1,   540000, 0x87755c1f
0,          5,          5,        1,   540000, 0x87755c1f
0,          6,          6,        1,   540000, 0x87755c1f
0,          7,          7,        1,   540000, 0x6bc62c6a
0,          8,          8,        1,   540000, 0xa5622c8c
0,          9,          9,        1,   540000, 0x3a412ce0
0,         10,         10,        1,   540000, 0x89f92d48
0,         11,         11,        1,   540000, 0xe9733051
0,         12,         12,        1,   540000, 0x29872daa
0,         13,         13,        1,   540000, 0xf3ac2e94
0,         14,         14,        1,   540000, 0xd5742c3c
0,         15,         15,        1,   540000, 0xd3fe2ec3
0,         16,         16,        1,   540000, 0xee1428b0
0,         17,         17,        1,   540000, 0x4a482b57
0,         18,         18,        1,   540000, 0xc02d2e84
0,         19,         19,        1,   540000, 0x7a772e48
0,         20,         20,        1,   540000, 0xe1dc2b7d
0,         21,         21,        1,   540000, 0xdaf22dd3
0,         22,         22,        1,   540000, 0xe2282db2
0,         23,         23,        1,   540000, 0x19232d50
0,         24,         24,        1,   540000, 0x2cf02c8f
0,         25,         25,        1,   540000, 0x0ff92a80
0,         26,         26,        1,   540000, 0x4fe92a3c
0,         27,         27,        1,   540000, 0xb0922ef7
0,         28,         28,        1,   540000, 0x5dda5c1e
