#software: Lavf61.7.100
#tb 0: 1/10
#media_type 0: video
#codec_id 0: rawvideo
#dimensions 0: 600x600
#sar 0: 0/1
0,          0,          0,        1,   540000, 0xcfae3cc4
0,          1,          1,        1,   540000, 0xcfae3cc4
0,          2,          2,        1,   540000, 0x535f5c1c
0,          3,          3,        1,   540000, 0x535f5c1c
0,          4,          4,        1,   540000, 0x535f5c1c
0,          5,          5,        1,   540000, 0x535f5c1c
0,          6,          6,        1,   540000, 0x535f5c1c
0,          7,          7,        1,   540000, 0x9b7720d6
0,          8,          8,        1,   540000, 0xc62e2c30
0,          9,          9,        1,   540000, 0x63262de3
0,         10,         10,        1,   540000, 0x6e7b299c
0,         11,         11,        1,   540000, 0x41fa2da4
0,         12,         12,        1,   540000, 0xcd922d0e
0,         13,         13,        1,   540000, 0x48b227b5
0,         14,         14,        1,   540000, 0xd3de2e24
0,         15,         15,        1,   540000, 0x87832d5f
0,         16,         16,        1,   540000, 0x9a422de9
0,         17,         17,        1,   540000, 0x8b002d48
0,         18,         18,        1,   540000, 0xda692e3f
0,         19,         19,        1,   540000, 0x021a2d2a
0,         20,         20,        1,   540000, 0x4d0c2eaa
0,         21,         21,        1,   540000, 0xa07f2198
0,         22,         22,        1,   540000, 0x9a6f2341
0,         23,         23,        1,   540000, 0x16c11efd
0,         24,         24,        1,   540000, 0x62c2100b
0,         25,         25,        1,   540000, 0x15fe19fb
0,         26,         26,        1,   540000, 0x495c170c
0,         27,         27,        1,   540000, 0xd8842d45
0,         28,         28,        1,   540000, 0x24132d2f
0,         29,         29,        1,   540000, 0x54872c88
0,         30,         30,        1,   540000, 0x27492988
0,         31,         31,        1,   540000, 0x5c2c2808
0,         32,         32,        1,   540000, 0x98952c88
0,         33,         33,        1,   540000, 0x9e482bd4
0,         34,         34,        1,   540000, 0x4cd02b8b
0,         35,         35,        1,   540000, 0x2d4b2dce
0,         36,         36,        1,   540000, 0x535f5c1c
